 Day   Money@H0  Hires  Sells
------------------------------
   0 $    3,000      4      6
   1 $      354      4      0
   2 $      347      4      0
   3 $      340      4      0
   4 $      333      4      0
   5 $      326      4     24
   6 $      340      8      0
   7 $      286      8      0
   8 $      232      8      0
   9 $      178     10      0
  10 $       35     10      0
  11 $        2     10     48
  12 $    7,555     10      0
  13 $    6,789     10      0
  14 $    6,413     10      0
